{
  "sample_id": "kid_coffee_traj_f_seed42",
  "image_path": "kid_coffee.png",
  "scene_meta_path": "examples/kid_coffee/scene_pointcloud/kid_coffee_stream3r_scene_meta.npz",
  "geometry_path": "",
  "combo_id": "traj_f",
  "case_type": "traj_f",
  "motion_primitive": "traj_f",
  "num_rounds": 4,
  "num_events": 1,
  "first_frame_has_event": true,
  "first_c2w": [
    [
      0.9999999403953552,
      0.00024586080689914525,
      0.0002703235950320959,
      -0.00019545026589185
    ],
    [
      -0.00024588374071754515,
      1.0,
      8.471492765238509e-05,
      0.00028718748944811523
    ],
    [
      -0.0002703027566894889,
      -8.478140080114827e-05,
      1.0,
      -2.7041383873438463e-05
    ],
    [
      0.0,
      0.0,
      0.0,
      1.0
    ]
  ],
  "object_detection": {
    "entities": [
      "person"
    ],
    "bbox_xyxy": [
      338,
      101,
      495,
      330
    ],
    "area_ratio": 0.09099559294871795,
    "method": "qwen_sam"
  },
  "scene_features": {
    "brightness_mean": 0.5564570582770054,
    "edge_density": 0.03693517049153646,
    "texture_std": 14.572800636291504,
    "clutter_score": 0.1678891086578369,
    "environment_hint": "open"
  },
  "scene_scale": {
    "scene_center": [
      0.0,
      0.0,
      0.0
    ],
    "scene_extent_x": 0.8554844722151755,
    "scene_extent_z": 0.5216846942901612,
    "nav_radius": 0.4,
    "event_radius": 0.8,
    "motion_scale": 1.093300752568245,
    "geometry_used": true
  },
  "distance_normalization": {
    "mode": "screen_uniform",
    "target_shift_ratio": 0.18,
    "screen_depth_percentile": 45.0,
    "distance_blend_alpha": 0.7
  },
  "view_calibration": {
    "enabled": true,
    "event_center_local": [
      -0.0004896818427368999,
      -0.012533285655081272,
      0.8250011205673218
    ],
    "calibration_points_source": "foreground_event_points",
    "calibration_points_count": 648,
    "exit_visible_ratio": 0.1,
    "exit_visible_count_threshold": 65,
    "all_foreground_points_exit_required": false,
    "projection_exit_criterion": "visible_fg_projection_count <= 65 (ratio <= 0.1000)",
    "image_width": 832,
    "image_height": 480
  },
  "event_slots": {
    "A": {
      "entities": [
        "person"
      ],
      "entity": "person",
      "position": [
        -0.00019545026589185,
        0.00028718748944811523,
        -2.7041383873438463e-05
      ],
      "spawn_round": -1,
      "position_local": [
        0.0,
        0.0,
        0.0
      ]
    }
  },
  "location_pool": {
    "S": [
      -0.00019545026589185,
      0.00028718748944811523,
      -2.7041383873438463e-05
    ],
    "O": [
      -9.813376527745277e-05,
      0.00031768486951477826,
      0.3599729835987091
    ],
    "A": [
      -0.00019545026589185,
      0.00028718748944811523,
      -2.7041383873438463e-05
    ],
    "B": [
      0.639804482460022,
      0.0001298218994634226,
      -0.00020003515237476677
    ]
  },
  "round_target_sequence": [
    "B",
    "A",
    "B",
    "A"
  ],
  "nav_points": {
    "N0": [
      0.0,
      0.0,
      0.4
    ],
    "N1": [
      0.34641016151377546,
      0.0,
      0.20000000000000007
    ],
    "N2": [
      0.3464101615137755,
      0.0,
      -0.19999999999999993
    ],
    "N3": [
      4.898587196589413e-17,
      0.0,
      -0.4
    ],
    "N4": [
      -0.34641016151377535,
      0.0,
      -0.20000000000000018
    ],
    "N5": [
      -0.34641016151377546,
      0.0,
      0.20000000000000007
    ]
  },
  "round_plan": {
    "0": {
      "action": "leave",
      "event": "A",
      "location_from": "S",
      "location_to": "B",
      "camera_start": [
        0.0,
        0.0,
        0.0
      ],
      "camera_end": [
        0.6400000000000001,
        0.0,
        0.0
      ],
      "pose_start_c2w": [
        [
          1.0,
          0.0,
          0.0,
          0.0
        ],
        [
          0.0,
          1.0,
          0.0,
          0.0
        ],
        [
          0.0,
          0.0,
          1.0,
          0.0
        ],
        [
          0.0,
          0.0,
          0.0,
          1.0
        ]
      ],
      "pose_end_c2w": [
        [
          0.0,
          0.0,
          -1.0,
          0.6399999856948853
        ],
        [
          0.0,
          1.0,
          0.0,
          0.0
        ],
        [
          1.0,
          -0.0,
          0.0,
          0.0
        ],
        [
          0.0,
          0.0,
          0.0,
          1.0
        ]
      ],
      "look_at": [
        0.0,
        0.0,
        0.0
      ]
    },
    "1": {
      "action": "revisit",
      "event": "A",
      "location_from": "B",
      "location_to": "A",
      "camera_start": [
        0.6400000000000001,
        0.0,
        0.0
      ],
      "camera_end": [
        0.0,
        0.0,
        0.0
      ],
      "pose_start_c2w": [
        [
          0.0,
          0.0,
          -1.0,
          0.6399999856948853
        ],
        [
          0.0,
          1.0,
          0.0,
          0.0
        ],
        [
          1.0,
          -0.0,
          0.0,
          0.0
        ],
        [
          0.0,
          0.0,
          0.0,
          1.0
        ]
      ],
      "pose_end_c2w": [
        [
          1.0,
          -0.0,
          0.0,
          0.0
        ],
        [
          0.0,
          1.0,
          0.0,
          0.0
        ],
        [
          -0.0,
          0.0,
          1.0,
          0.0
        ],
        [
          0.0,
          0.0,
          0.0,
          1.0
        ]
      ],
      "look_at": [
        0.0,
        0.0,
        0.0
      ]
    },
    "2": {
      "action": "leave",
      "event": "A",
      "location_from": "A",
      "location_to": "B",
      "camera_start": [
        0.0,
        0.0,
        0.0
      ],
      "camera_end": [
        0.6400000000000001,
        0.0,
        0.0
      ],
      "pose_start_c2w": [
        [
          1.0,
          -0.0,
          0.0,
          0.0
        ],
        [
          0.0,
          1.0,
          0.0,
          0.0
        ],
        [
          -0.0,
          0.0,
          1.0,
          0.0
        ],
        [
          0.0,
          0.0,
          0.0,
          1.0
        ]
      ],
      "pose_end_c2w": [
        [
          0.0,
          0.0,
          -1.0,
          0.6399999856948853
        ],
        [
          0.0,
          1.0,
          0.0,
          0.0
        ],
        [
          1.0,
          -0.0,
          0.0,
          0.0
        ],
        [
          0.0,
          0.0,
          0.0,
          1.0
        ]
      ],
      "look_at": [
        0.0,
        0.0,
        0.0
      ]
    },
    "3": {
      "action": "revisit",
      "event": "A",
      "location_from": "B",
      "location_to": "A",
      "camera_start": [
        0.6400000000000001,
        0.0,
        0.0
      ],
      "camera_end": [
        0.0,
        0.0,
        0.0
      ],
      "pose_start_c2w": [
        [
          0.0,
          0.0,
          -1.0,
          0.6399999856948853
        ],
        [
          0.0,
          1.0,
          0.0,
          0.0
        ],
        [
          1.0,
          -0.0,
          0.0,
          0.0
        ],
        [
          0.0,
          0.0,
          0.0,
          1.0
        ]
      ],
      "pose_end_c2w": [
        [
          1.0,
          -0.0,
          0.0,
          0.0
        ],
        [
          0.0,
          1.0,
          0.0,
          0.0
        ],
        [
          -0.0,
          0.0,
          1.0,
          0.0
        ],
        [
          0.0,
          0.0,
          0.0,
          1.0
        ]
      ],
      "look_at": [
        0.0,
        0.0,
        0.0
      ]
    }
  },
  "frames_per_round": 65,
  "fps": 16,
  "total_frames": 260,
  "trajectory_frames": [
    {
      "frame_idx": 0,
      "round_idx": 0,
      "interp_t": 0.0,
      "location_from": "S",
      "location_to": "B",
      "action": "leave",
      "event": "A",
      "c2w": [
        [
          0.9999999403953552,
          0.00024586080689914525,
          0.0002703235950320959,
          -0.00019545026589185
        ],
        [
          -0.00024588374071754515,
          1.0,
          8.471492765238509e-05,
          0.00028718748944811523
        ],
        [
          -0.0002703027566894889,
          -8.478140080114827e-05,
          1.0,
          -2.7041383873438463e-05
        ],
        [
          0.0,
          0.0,
          0.0,
          1.0
        ]
      ]
    },
    {
      "frame_idx": 1,
      "round_idx": 0,
      "interp_t": 0.015625,
      "location_from": "S",
      "location_to": "B",
      "action": "leave",
      "event": "A",
      "c2w": [
        [
          0.9999999403953552,
          0.00024586080689914525,
          0.0002703235950320959,
          0.005929549224674702
        ],
        [
          -0.00024588374071754515,
          1.0,
          8.471492765238509e-05,
          0.00028568145353347063
        ],
        [
          -0.0002703027566894889,
          -8.478140080114827e-05,
          1.0,
          -2.8696988010779023e-05
        ],
        [
          0.0,
          0.0,
          0.0,
          1.0
        ]
      ]
    },
    {
      "frame_idx": 2,
      "round_idx": 0,
      "interp_t": 0.03125,
      "location_from": "S",
      "location_to": "B",
      "action": "leave",
      "event": "A",
      "c2w": [
        [
          0.9999999403953552,
          0.00024586080689914525,
          0.0002703235950320959,
          0.012054548598825932
        ],
        [
          -0.00024588374071754515,
          1.0,
          8.471492765238509e-05,
          0.00028417541761882603
        ],
        [
          -0.0002703027566894889,
          -8.478140080114827e-05,
          1.0,
          -3.0352592148119584e-05
        ],
        [
          0.0,
          0.0,
          0.0,
          1.0
        ]
      ]
    },
    {
      "frame_idx": 3,
      "round_idx": 0,
      "interp_t": 0.046875,
      "location_from": "S",
      "location_to": "B",
      "action": "leave",
      "event": "A",
      "c2w": [
        [
          0.9999999403953552,
          0.00024586080689914525,
          0.0002703235950320959,
          0.018179547041654587
        ],
        [
          -0.00024588374071754515,
          1.0,
          8.471492765238509e-05,
          0.00028266938170418143
        ],
        [
          -0.0002703027566894889,
          -8.478140080114827e-05,
          1.0,
          -3.2008196285460144e-05
        ],
        [
          0.0,
          0.0,
          0.0,
          1.0
        ]
      ]
    },
    {
      "frame_idx": 4,
      "round_idx": 0,
      "interp_t": 0.0625,
      "location_from": "S",
      "location_to": "B",
      "action": "leave",
      "event": "A",
      "c2w": [
        [
          0.9999999403953552,
          0.00024586080689914525,
          0.0002703235950320959,
          0.024304546415805817
        ],
        [
          -0.00024588374071754515,
          1.0,
          8.471492765238509e-05,
          0.00028116334578953683
        ],
        [
          -0.0002703027566894889,
          -8.478140080114827e-05,
          1.0,
          -3.3663800422800705e-05
        ],
        [
          0.0,
          0.0,
          0.0,
          1.0
        ]
      ]
    },
    {
      "frame_idx": 5,
      "round_idx": 0,
      "interp_t": 0.078125,
      "location_from": "S",
      "location_to": "B",
      "action": "leave",
      "event": "A",
      "c2w": [
        [
          0.9999999403953552,
          0.00024586080689914525,
          0.0002703235950320959,
          0.030429547652602196
        ],
        [
          -0.00024588374071754515,
          1.0,
          8.471492765238509e-05,
          0.00027965730987489223
        ],
        [
          -0.0002703027566894889,
          -8.478140080114827e-05,
          1.0,
          -3.5319404560141265e-05
        ],
        [
          0.0,
          0.0,
          0.0,
          1.0
        ]
      ]
    },
    {
      "frame_idx": 6,
      "round_idx": 0,
      "interp_t": 0.09375,
      "location_from": "S",
      "location_to": "B",
      "action": "leave",
      "event": "A",
      "c2w": [
        [
          0.9999999403953552,
          0.00024586080689914525,
          0.0002703235950320959,
          0.036554545164108276
        ],
        [
          -0.00024588374071754515,
          1.0,
          8.471492765238509e-05,
          0.00027815127396024764
        ],
        [
          -0.0002703027566894889,
          -8.478140080114827e-05,
          1.0,
          -3.697501233546063e-05
        ],
        [
          0.0,
          0.0,
          0.0,
          1.0
        ]
      ]
    },
    {
      "frame_idx": 7,
      "round_idx": 0,
      "interp_t": 0.109375,
      "location_from": "S",
      "location_to": "B",
      "action": "leave",
      "event": "A",
      "c2w": [
        [
          0.9999999403953552,
          0.00024586080689914525,
          0.0002703235950320959,
          0.042679544538259506
        ],
        [
          -0.00024588374071754515,
          1.0,
          8.471492765238509e-05,
          0.00027664523804560304
        ],
        [
          -0.0002703027566894889,
          -8.478140080114827e-05,
          1.0,
          -3.8630612834822387e-05
        ],
        [
          0.0,
          0.0,
          0.0,
          1.0
        ]
      ]
    },
    {
      "frame_idx": 8,
      "round_idx": 0,
      "interp_t": 0.125,
      "location_from": "S",
      "location_to": "B",
      "action": "leave",
      "event": "A",
      "c2w": [
        [
          0.9999999403953552,
          0.00024586080689914525,
          0.0002703235950320959,
          0.048804543912410736
        ],
        [
          -0.00024588374071754515,
          1.0,
          8.471492765238509e-05,
          0.000275139173027128
        ],
        [
          -0.0002703027566894889,
          -8.478140080114827e-05,
          1.0,
          -4.0286220610141754e-05
        ],
        [
          0.0,
          0.0,
          0.0,
          1.0
        ]
      ]
    },
    {
      "frame_idx": 9,
      "round_idx": 0,
      "interp_t": 0.140625,
      "location_from": "S",
      "location_to": "B",
      "action": "leave",
      "event": "A",
      "c2w": [
        [
          0.9999999403953552,
          0.00024586080689914525,
          0.0002703235950320959,
          0.054929547011852264
        ],
        [
          -0.00024588374071754515,
          1.0,
          8.471492765238509e-05,
          0.0002736331371124834
        ],
        [
          -0.0002703027566894889,
          -8.478140080114827e-05,
          1.0,
          -4.1941824747482315e-05
        ],
        [
          0.0,
          0.0,
          0.0,
          1.0
        ]
      ]
    },
    {
      "frame_idx": 10,
      "round_idx": 0,
      "interp_t": 0.15625,
      "location_from": "S",
      "location_to": "B",
      "action": "leave",
      "event": "A",
      "c2w": [
        [
          0.9999999403953552,
          0.00024586080689914525,
          0.0002703235950320959,
          0.061054546386003494
        ],
        [
          -0.00024588374071754515,
          1.0,
          8.471492765238509e-05,
          0.0002721271011978388
        ],
        [
          -0.0002703027566894889,
          -8.478140080114827e-05,
          1.0,
          -4.3597428884822875e-05
        ],
        [
          0.0,
          0.0,
          0.0,
          1.0
        ]
      ]
    },
    {
      "frame_idx": 11,
      "round_idx": 0,
      "interp_t": 0.171875,
      "location_from": "S",
      "location_to": "B",
      "action": "leave",
      "event": "A",
      "c2w": [
        [
          0.9999999403953552,
          0.00024586080689914525,
          0.0002703235950320959,
          0.06717953830957413
        ],
        [
          -0.00024588374071754515,
          1.0,
          8.471492765238509e-05,
          0.0002706210652831942
        ],
        [
          -0.0002703027566894889,
          -8.478140080114827e-05,
          1.0,
          -4.525302938418463e-05
        ],
        [
          0.0,
          0.0,
          0.0,
          1.0
        ]
      ]
    },
    {
      "frame_idx": 12,
      "round_idx": 0,
      "interp_t": 0.1875,
      "location_from": "S",
      "location_to": "B",
      "action": "leave",
      "event": "A",
      "c2w": [
        [
          0.9999999403953552,
          0.00024586080689914525,
          0.0002703235950320959,
          0.07330454140901566
        ],
        [
          -0.00024588374071754515,
          1.0,
          8.471492765238509e-05,
          0.0002691150293685496
        ],
        [
          -0.0002703027566894889,
          -8.478140080114827e-05,
          1.0,
          -4.6908637159503996e-05
        ],
        [
          0.0,
          0.0,
          0.0,
          1.0
        ]
      ]
    },
    {
      "frame_idx": 13,
      "round_idx": 0,
      "interp_t": 0.203125,
      "location_from": "S",
      "location_to": "B",
      "action": "leave",
      "event": "A",
      "c2w": [
        [
          0.9999999403953552,
          0.00024586080689914525,
          0.0002703235950320959,
          0.07942954450845718
        ],
        [
          -0.00024588374071754515,
          1.0,
          8.471492765238509e-05,
          0.000267608993453905
        ],
        [
          -0.0002703027566894889,
          -8.478140080114827e-05,
          1.0,
          -4.856424129684456e-05
        ],
        [
          0.0,
          0.0,
          0.0,
          1.0
        ]
      ]
    },
    {
      "frame_idx": 14,
      "round_idx": 0,
      "interp_t": 0.21875,
      "location_from": "S",
      "location_to": "B",
      "action": "leave",
      "event": "A",
      "c2w": [
        [
          0.9999999403953552,
          0.00024586080689914525,
          0.0002703235950320959,
          0.08555454015731812
        ],
        [
          -0.00024588374071754515,
          1.0,
          8.471492765238509e-05,
          0.0002661029575392604
        ],
        [
          -0.0002703027566894889,
          -8.478140080114827e-05,
          1.0,
          -5.021984543418512e-05
        ],
        [
          0.0,
          0.0,
          0.0,
          1.0
        ]
      ]
    },
    {
      "frame_idx": 15,
      "round_idx": 0,
      "interp_t": 0.234375,
      "location_from": "S",
      "location_to": "B",
      "action": "leave",
      "event": "A",
      "c2w": [
        [
          0.9999999403953552,
          0.00024586080689914525,
          0.0002703235950320959,
          0.09167954325675964
        ],
        [
          -0.00024588374071754515,
          1.0,
          8.471492765238509e-05,
          0.0002645969216246158
        ],
        [
          -0.0002703027566894889,
          -8.478140080114827e-05,
          1.0,
          -5.187544957152568e-05
        ],
        [
          0.0,
          0.0,
          0.0,
          1.0
        ]
      ]
    },
    {
      "frame_idx": 16,
      "round_idx": 0,
      "interp_t": 0.25,
      "location_from": "S",
      "location_to": "B",
      "action": "leave",
      "event": "A",
      "c2w": [
        [
          0.9999999403953552,
          0.00024586080689914525,
          0.0002703235950320959,
          0.09780453890562057
        ],
        [
          -0.00024588374071754515,
          1.0,
          8.471492765238509e-05,
          0.0002630908857099712
        ],
        [
          -0.0002703027566894889,
          -8.478140080114827e-05,
          1.0,
          -5.353105370886624e-05
        ],
        [
          0.0,
          0.0,
          0.0,
          1.0
        ]
      ]
    },
    {
      "frame_idx": 17,
      "round_idx": 0,
      "interp_t": 0.265625,
      "location_from": "S",
      "location_to": "B",
      "action": "leave",
      "event": "A",
      "c2w": [
        [
          0.9999999403953552,
          0.00024586080689914525,
          0.0002703235950320959,
          0.1039295420050621
        ],
        [
          -0.00024588374071754515,
          1.0,
          8.471492765238509e-05,
          0.0002615848497953266
        ],
        [
          -0.0002703027566894889,
          -8.478140080114827e-05,
          1.0,
          -5.51866578462068e-05
        ],
        [
          0.0,
          0.0,
          0.0,
          1.0
        ]
      ]
    },
    {
      "frame_idx": 18,
      "round_idx": 0,
      "interp_t": 0.28125,
      "location_from": "S",
      "location_to": "B",
      "action": "leave",
      "event": "A",
      "c2w": [
        [
          0.9999999403953552,
          0.00024586080689914525,
          0.0002703235950320959,
          0.11005454510450363
        ],
        [
          -0.00024588374071754515,
          1.0,
          8.471492765238509e-05,
          0.000260078813880682
        ],
        [
          -0.0002703027566894889,
          -8.478140080114827e-05,
          1.0,
          -5.684226198354736e-05
        ],
        [
          0.0,
          0.0,
          0.0,
          1.0
        ]
      ]
    },
    {
      "frame_idx": 19,
      "round_idx": 0,
      "interp_t": 0.296875,
      "location_from": "S",
      "location_to": "B",
      "action": "leave",
      "event": "A",
      "c2w": [
        [
          0.9999999403953552,
          0.00024586080689914525,
          0.0002703235950320959,
          0.11617954075336456
        ],
        [
          -0.00024588374071754515,
          1.0,
          8.471492765238509e-05,
          0.0002585727779660374
        ],
        [
          -0.0002703027566894889,
          -8.478140080114827e-05,
          1.0,
          -5.849786612088792e-05
        ],
        [
          0.0,
          0.0,
          0.0,
          1.0
        ]
      ]
    },
    {
      "frame_idx": 20,
      "round_idx": 0,
      "interp_t": 0.3125,
      "location_from": "S",
      "location_to": "B",
      "action": "leave",
      "event": "A",
      "c2w": [
        [
          0.9999999403953552,
          0.00024586080689914525,
          0.0002703235950320959,
          0.12230454385280609
        ],
        [
          -0.00024588374071754515,
          1.0,
          8.471492765238509e-05,
          0.0002570667420513928
        ],
        [
          -0.0002703027566894889,
          -8.478140080114827e-05,
          1.0,
          -6.015347389620729e-05
        ],
        [
          0.0,
          0.0,
          0.0,
          1.0
        ]
      ]
    },
    {
      "frame_idx": 21,
      "round_idx": 0,
      "interp_t": 0.328125,
      "location_from": "S",
      "location_to": "B",
      "action": "leave",
      "event": "A",
      "c2w": [
        [
          0.9999999403953552,
          0.00024586080689914525,
          0.0002703235950320959,
          0.12842954695224762
        ],
        [
          -0.00024588374071754515,
          1.0,
          8.471492765238509e-05,
          0.00025556067703291774
        ],
        [
          -0.0002703027566894889,
          -8.478140080114827e-05,
          1.0,
          -6.180907803354785e-05
        ],
        [
          0.0,
          0.0,
          0.0,
          1.0
        ]
      ]
    },
    {
      "frame_idx": 22,
      "round_idx": 0,
      "interp_t": 0.34375,
      "location_from": "S",
      "location_to": "B",
      "action": "leave",
      "event": "A",
      "c2w": [
        [
          0.9999999403953552,
          0.00024586080689914525,
          0.0002703235950320959,
          0.13455453515052795
        ],
        [
          -0.00024588374071754515,
          1.0,
          8.471492765238509e-05,
          0.0002540546702221036
        ],
        [
          -0.0002703027566894889,
          -8.478140080114827e-05,
          1.0,
          -6.34646785329096e-05
        ],
        [
          0.0,
          0.0,
          0.0,
          1.0
        ]
      ]
    },
    {
      "frame_idx": 23,
      "round_idx": 0,
      "interp_t": 0.359375,
      "location_from": "S",
      "location_to": "B",
      "action": "leave",
      "event": "A",
      "c2w": [
        [
          0.9999999403953552,
          0.00024586080689914525,
          0.0002703235950320959,
          0.14067953824996948
        ],
        [
          -0.00024588374071754515,
          1.0,
          8.471492765238509e-05,
          0.00025254860520362854
        ],
        [
          -0.0002703027566894889,
          -8.478140080114827e-05,
          1.0,
          -6.512028630822897e-05
        ],
        [
          0.0,
          0.0,
          0.0,
          1.0
        ]
      ]
    },
    {
      "frame_idx": 24,
      "round_idx": 0,
      "interp_t": 0.375,
      "location_from": "S",
      "location_to": "B",
      "action": "leave",
      "event": "A",
      "c2w": [
        [
          0.9999999403953552,
          0.00024586080689914525,
          0.0002703235950320959,
          0.146804541349411
        ],
        [
          -0.00024588374071754515,
          1.0,
          8.471492765238509e-05,
          0.00025104256928898394
        ],
        [
          -0.0002703027566894889,
          -8.478140080114827e-05,
          1.0,
          -6.677588680759072e-05
        ],
        [
          0.0,
          0.0,
          0.0,
          1.0
        ]
      ]
    },
    {
      "frame_idx": 25,
      "round_idx": 0,
      "interp_t": 0.390625,
      "location_from": "S",
      "location_to": "B",
      "action": "leave",
      "event": "A",
      "c2w": [
        [
          0.9999999403953552,
          0.00024586080689914525,
          0.0002703235950320959,
          0.15292954444885254
        ],
        [
          -0.00024588374071754515,
          1.0,
          8.471492765238509e-05,
          0.00024953653337433934
        ],
        [
          -0.0002703027566894889,
          -8.478140080114827e-05,
          1.0,
          -6.843149458291009e-05
        ],
        [
          0.0,
          0.0,
          0.0,
          1.0
        ]
      ]
    },
    {
      "frame_idx": 26,
      "round_idx": 0,
      "interp_t": 0.40625,
      "location_from": "S",
      "location_to": "B",
      "action": "leave",
      "event": "A",
      "c2w": [
        [
          0.9999999403953552,
          0.00024586080689914525,
          0.0002703235950320959,
          0.15905454754829407
        ],
        [
          -0.00024588374071754515,
          1.0,
          8.471492765238509e-05,
          0.00024803049745969474
        ],
        [
          -0.0002703027566894889,
          -8.478140080114827e-05,
          1.0,
          -7.008710235822946e-05
        ],
        [
          0.0,
          0.0,
          0.0,
          1.0
        ]
      ]
    },
    {
      "frame_idx": 27,
      "round_idx": 0,
      "interp_t": 0.421875,
      "location_from": "S",
      "location_to": "B",
      "action": "leave",
      "event": "A",
      "c2w": [
        [
          0.9999999403953552,
          0.00024586080689914525,
          0.0002703235950320959,
          0.1651795357465744
        ],
        [
          -0.00024588374071754515,
          1.0,
          8.471492765238509e-05,
          0.00024652446154505014
        ],
        [
          -0.0002703027566894889,
          -8.478140080114827e-05,
          1.0,
          -7.174270285759121e-05
        ],
        [
          0.0,
          0.0,
          0.0,
          1.0
        ]
      ]
    },
    {
      "frame_idx": 28,
      "round_idx": 0,
      "interp_t": 0.4375,
      "location_from": "S",
      "location_to": "B",
      "action": "leave",
      "event": "A",
      "c2w": [
        [
          0.9999999403953552,
          0.00024586080689914525,
          0.0002703235950320959,
          0.17130453884601593
        ],
        [
          -0.00024588374071754515,
          1.0,
          8.471492765238509e-05,
          0.00024501842563040555
        ],
        [
          -0.0002703027566894889,
          -8.478140080114827e-05,
          1.0,
          -7.339830335695297e-05
        ],
        [
          0.0,
          0.0,
          0.0,
          1.0
        ]
      ]
    },
    {
      "frame_idx": 29,
      "round_idx": 0,
      "interp_t": 0.453125,
      "location_from": "S",
      "location_to": "B",
      "action": "leave",
      "event": "A",
      "c2w": [
        [
          0.9999999403953552,
          0.00024586080689914525,
          0.0002703235950320959,
          0.17742954194545746
        ],
        [
          -0.00024588374071754515,
          1.0,
          8.471492765238509e-05,
          0.00024351238971576095
        ],
        [
          -0.0002703027566894889,
          -8.478140080114827e-05,
          1.0,
          -7.505391113227233e-05
        ],
        [
          0.0,
          0.0,
          0.0,
          1.0
        ]
      ]
    },
    {
      "frame_idx": 30,
      "round_idx": 0,
      "interp_t": 0.46875,
      "location_from": "S",
      "location_to": "B",
      "action": "leave",
      "event": "A",
      "c2w": [
        [
          0.9999999403953552,
          0.00024586080689914525,
          0.0002703235950320959,
          0.183554545044899
        ],
        [
          -0.00024588374071754515,
          1.0,
          8.471492765238509e-05,
          0.00024200635380111635
        ],
        [
          -0.0002703027566894889,
          -8.478140080114827e-05,
          1.0,
          -7.67095189075917e-05
        ],
        [
          0.0,
          0.0,
          0.0,
          1.0
        ]
      ]
    },
    {
      "frame_idx": 31,
      "round_idx": 0,
      "interp_t": 0.484375,
      "location_from": "S",
      "location_to": "B",
      "action": "leave",
      "event": "A",
      "c2w": [
        [
          0.9999999403953552,
          0.00024586080689914525,
          0.0002703235950320959,
          0.18967954814434052
        ],
        [
          -0.00024588374071754515,
          1.0,
          8.471492765238509e-05,
          0.00024050031788647175
        ],
        [
          -0.0002703027566894889,
          -8.478140080114827e-05,
          1.0,
          -7.836511940695345e-05
        ],
        [
          0.0,
          0.0,
          0.0,
          1.0
        ]
      ]
    },
    {
      "frame_idx": 32,
      "round_idx": 0,
      "interp_t": 0.5,
      "location_from": "S",
      "location_to": "B",
      "action": "leave",
      "event": "A",
      "c2w": [
        [
          0.9999999403953552,
          0.00024586080689914525,
          0.0002703235950320959,
          0.19580453634262085
        ],
        [
          -0.00024588374071754515,
          1.0,
          8.471492765238509e-05,
          0.00023899428197182715
        ],
        [
          -0.0002703027566894889,
          -8.478140080114827e-05,
          1.0,
          -8.002071990631521e-05
        ],
        [
          0.0,
          0.0,
          0.0,
          1.0
        ]
      ]
    },
    {
      "frame_idx": 33,
      "round_idx": 0,
      "interp_t": 0.515625,
      "location_from": "S",
      "location_to": "B",
      "action": "leave",
      "event": "A",
      "c2w": [
        [
          0.9999999403953552,
          0.00024586080689914525,
          0.0002703235950320959,
          0.20192953944206238
        ],
        [
          -0.00024588374071754515,
          1.0,
          8.471492765238509e-05,
          0.00023748824605718255
        ],
        [
          -0.0002703027566894889,
          -8.478140080114827e-05,
          1.0,
          -8.167632768163458e-05
        ],
        [
          0.0,
          0.0,
          0.0,
          1.0
        ]
      ]
    },
    {
      "frame_idx": 34,
      "round_idx": 0,
      "interp_t": 0.53125,
      "location_from": "S",
      "location_to": "B",
      "action": "leave",
      "event": "A",
      "c2w": [
        [
          0.9999999403953552,
          0.00024586080689914525,
          0.0002703235950320959,
          0.2080545425415039
        ],
        [
          -0.00024588374071754515,
          1.0,
          8.471492765238509e-05,
          0.00023598219559062272
        ],
        [
          -0.0002703027566894889,
          -8.478140080114827e-05,
          1.0,
          -8.333193545695394e-05
        ],
        [
          0.0,
          0.0,
          0.0,
          1.0
        ]
      ]
    },
    {
      "frame_idx": 35,
      "round_idx": 0,
      "interp_t": 0.546875,
      "location_from": "S",
      "location_to": "B",
      "action": "leave",
      "event": "A",
      "c2w": [
        [
          0.9999999403953552,
          0.00024586080689914525,
          0.0002703235950320959,
          0.21417954564094543
        ],
        [
          -0.00024588374071754515,
          1.0,
          8.471492765238509e-05,
          0.00023447615967597812
        ],
        [
          -0.0002703027566894889,
          -8.478140080114827e-05,
          1.0,
          -8.49875359563157e-05
        ],
        [
          0.0,
          0.0,
          0.0,
          1.0
        ]
      ]
    },
    {
      "frame_idx": 36,
      "round_idx": 0,
      "interp_t": 0.5625,
      "location_from": "S",
      "location_to": "B",
      "action": "leave",
      "event": "A",
      "c2w": [
        [
          0.9999999403953552,
          0.00024586080689914525,
          0.0002703235950320959,
          0.22030454874038696
        ],
        [
          -0.00024588374071754515,
          1.0,
          8.471492765238509e-05,
          0.00023297012376133353
        ],
        [
          -0.0002703027566894889,
          -8.478140080114827e-05,
          1.0,
          -8.664314373163506e-05
        ],
        [
          0.0,
          0.0,
          0.0,
          1.0
        ]
      ]
    },
    {
      "frame_idx": 37,
      "round_idx": 0,
      "interp_t": 0.578125,
      "location_from": "S",
      "location_to": "B",
      "action": "leave",
      "event": "A",
      "c2w": [
        [
          0.9999999403953552,
          0.00024586080689914525,
          0.0002703235950320959,
          0.2264295369386673
        ],
        [
          -0.00024588374071754515,
          1.0,
          8.471492765238509e-05,
          0.00023146408784668893
        ],
        [
          -0.0002703027566894889,
          -8.478140080114827e-05,
          1.0,
          -8.829875150695443e-05
        ],
        [
          0.0,
          0.0,
          0.0,
          1.0
        ]
      ]
    },
    {
      "frame_idx": 38,
      "round_idx": 0,
      "interp_t": 0.59375,
      "location_from": "S",
      "location_to": "B",
      "action": "leave",
      "event": "A",
      "c2w": [
        [
          0.9999999403953552,
          0.00024586080689914525,
          0.0002703235950320959,
          0.23255454003810883
        ],
        [
          -0.00024588374071754515,
          1.0,
          8.471492765238509e-05,
          0.00022995805193204433
        ],
        [
          -0.0002703027566894889,
          -8.478140080114827e-05,
          1.0,
          -8.995435200631618e-05
        ],
        [
          0.0,
          0.0,
          0.0,
          1.0
        ]
      ]
    },
    {
      "frame_idx": 39,
      "round_idx": 0,
      "interp_t": 0.609375,
      "location_from": "S",
      "location_to": "B",
      "action": "leave",
      "event": "A",
      "c2w": [
        [
          0.9999999403953552,
          0.00024586080689914525,
          0.0002703235950320959,
          0.23867954313755035
        ],
        [
          -0.00024588374071754515,
          1.0,
          8.471492765238509e-05,
          0.0002284520014654845
        ],
        [
          -0.0002703027566894889,
          -8.478140080114827e-05,
          1.0,
          -9.160995250567794e-05
        ],
        [
          0.0,
          0.0,
          0.0,
          1.0
        ]
      ]
    },
    {
      "frame_idx": 40,
      "round_idx": 0,
      "interp_t": 0.625,
      "location_from": "S",
      "location_to": "B",
      "action": "leave",
      "event": "A",
      "c2w": [
        [
          0.9999999403953552,
          0.00024586080689914525,
          0.0002703235950320959,
          0.24480454623699188
        ],
        [
          -0.00024588374071754515,
          1.0,
          8.471492765238509e-05,
          0.0002269459655508399
        ],
        [
          -0.0002703027566894889,
          -8.478140080114827e-05,
          1.0,
          -9.326556755695492e-05
        ],
        [
          0.0,
          0.0,
          0.0,
          1.0
        ]
      ]
    },
    {
      "frame_idx": 41,
      "round_idx": 0,
      "interp_t": 0.640625,
      "location_from": "S",
      "location_to": "B",
      "action": "leave",
      "event": "A",
      "c2w": [
        [
          0.9999999403953552,
          0.00024586080689914525,
          0.0002703235950320959,
          0.2509295344352722
        ],
        [
          -0.00024588374071754515,
          1.0,
          8.471492765238509e-05,
          0.0002254399296361953
        ],
        [
          -0.0002703027566894889,
          -8.478140080114827e-05,
          1.0,
          -9.492116805631667e-05
        ],
        [
          0.0,
          0.0,
          0.0,
          1.0
        ]
      ]
    },
    {
      "frame_idx": 42,
      "round_idx": 0,
      "interp_t": 0.65625,
      "location_from": "S",
      "location_to": "B",
      "action": "leave",
      "event": "A",
      "c2w": [
        [
          0.9999999403953552,
          0.00024586080689914525,
          0.0002703235950320959,
          0.25705453753471375
        ],
        [
          -0.00024588374071754515,
          1.0,
          8.471492765238509e-05,
          0.0002239338937215507
        ],
        [
          -0.0002703027566894889,
          -8.478140080114827e-05,
          1.0,
          -9.657676855567843e-05
        ],
        [
          0.0,
          0.0,
          0.0,
          1.0
        ]
      ]
    },
    {
      "frame_idx": 43,
      "round_idx": 0,
      "interp_t": 0.671875,
      "location_from": "S",
      "location_to": "B",
      "action": "leave",
      "event": "A",
      "c2w": [
        [
          0.9999999403953552,
          0.00024586080689914525,
          0.0002703235950320959,
          0.2631795406341553
        ],
        [
          -0.00024588374071754515,
          1.0,
          8.471492765238509e-05,
          0.0002224278578069061
        ],
        [
          -0.0002703027566894889,
          -8.478140080114827e-05,
          1.0,
          -9.823236905504018e-05
        ],
        [
          0.0,
          0.0,
          0.0,
          1.0
        ]
      ]
    },
    {
      "frame_idx": 44,
      "round_idx": 0,
      "interp_t": 0.6875,
      "location_from": "S",
      "location_to": "B",
      "action": "leave",
      "event": "A",
      "c2w": [
        [
          0.9999999403953552,
          0.00024586080689914525,
          0.0002703235950320959,
          0.2693045139312744
        ],
        [
          -0.00024588374071754515,
          1.0,
          8.471492765238509e-05,
          0.0002209218218922615
        ],
        [
          -0.0002703027566894889,
          -8.478140080114827e-05,
          1.0,
          -9.988796955440193e-05
        ],
        [
          0.0,
          0.0,
          0.0,
          1.0
        ]
      ]
    },
    {
      "frame_idx": 45,
      "round_idx": 0,
      "interp_t": 0.703125,
      "location_from": "S",
      "location_to": "B",
      "action": "leave",
      "event": "A",
      "c2w": [
        [
          0.9999999403953552,
          0.00024586080689914525,
          0.0002703235950320959,
